Name = 'JIP';
 
% number of repeats:% 3
% enter first, last, inc:% 48 480 48 
data = [
%  n          reference      |         current implementation 
%        time       GFLOPS   |    time       GFLOPS     diff 
   480 1.9943e-02 1.1091e+01    5.8023e-01 3.8120e-01 3.5527e-13
   432 1.4779e-02 1.0910e+01    4.0932e-01 3.9393e-01 3.1264e-13
   384 1.0388e-02 1.0901e+01    3.2605e-01 3.4733e-01 1.9895e-13
   336 7.0266e-03 1.0797e+01    1.8972e-01 3.9989e-01 1.7053e-13
   288 4.5344e-03 1.0536e+01    1.1931e-01 4.0044e-01 1.1369e-13
   240 2.5921e-03 1.0666e+01    6.8423e-02 4.0408e-01 4.2633e-14
   192 1.4132e-03 1.0017e+01    3.5083e-02 4.0350e-01 2.8422e-14
   144 6.2940e-04 9.4884e+00    1.3915e-02 4.2919e-01 2.8422e-14
    96 2.1968e-04 8.0549e+00    4.0562e-03 4.3624e-01 1.4211e-14
    48 4.9392e-05 4.4781e+00    4.0769e-04 5.4253e-01 7.1054e-15
];

% Maximum difference between reference and your implementation: 3.552714e-13.
