Name = 'PIJ';
 
% number of repeats:% 3
% enter first, last, inc:% 48 480 48 
data = [
%  n          reference      |         current implementation 
%        time       GFLOPS   |    time       GFLOPS     diff 
   480 1.9887e-02 1.1122e+01    9.4434e-01 2.3422e-01 3.5527e-13
   432 1.4616e-02 1.1032e+01    5.7060e-01 2.8259e-01 3.1264e-13
   384 1.0442e-02 1.0845e+01    9.7996e-01 1.1556e-01 1.9895e-13
   336 7.0546e-03 1.0754e+01    2.6560e-01 2.8564e-01 1.7053e-13
   288 4.5251e-03 1.0558e+01    1.8440e-01 2.5909e-01 1.1369e-13
   240 2.5924e-03 1.0665e+01    8.0261e-02 3.4447e-01 4.2633e-14
   192 1.3864e-03 1.0210e+01    6.1563e-02 2.2994e-01 2.8422e-14
   144 6.2813e-04 9.5075e+00    1.2159e-02 4.9117e-01 2.8422e-14
    96 2.1973e-04 8.0528e+00    3.9823e-03 4.4434e-01 1.4211e-14
    48 4.7914e-05 4.6163e+00    2.8640e-04 7.7230e-01 7.1054e-15
];

% Maximum difference between reference and your implementation: 3.552714e-13.
